NumberPositions=	127
UnitPosition	mm
Positions
-46.0	73.7	-60.2
35.3	80.9	-27.3	
-58.7	71.1	-48.2	
42.7	76.2	-6.7	
-34.9	87.3	-11.7	
-2.3	89.1	18.9	
-67.5	71.9	-1.9	
41.1	70.9	43.2	
-37.5	81.2	37.8	
0.2	71.3	60.6	
-72.6	61.2	44.9	
77.0	52.7	21.1	
-48.1	51.9	78.1	
-90.0	46.8	29.3	
-97.1	41.4	-40.3	
65.7	30.3	65.8	
-6.0	29.0	93.1	
-83.5	27.6	67.4	
90.5	1.6	29.8	
34.5	1.6	92.2	
-50.9	1.6	94.3	
-100.9	1.6	34.9	
-111.1	1.6	-40.1	
65.7	-27.2	65.8	
-6.0	-25.8	93.1	
-83.5	-24.5	67.4	
-107.1	-23.1	-2.5	
77.0	-49.6	21.1	
27.9	-50.3	73.9	
-48.1	-48.7	78.1	
-90.0	-43.7	29.3	
-97.1	-38.2	-40.3	
0.2	-68.1	60.6	
-72.6	-58.1	44.9	
41.1	-67.7	43.2	
-37.5	-78.0	37.8	
-2.3	-86.0	18.9	
-67.5	-68.8	-1.9	
42.7	-73.1	-6.7	
-34.9	-84.1	-11.7	
35.3	-77.7	-27.3	
-58.7	-67.9	-48.2	
-45.6	-74.8	-61.4 
-78.4	-51.2	-58.3	
69.5	-58.8	-4.1	
18.1	-81.5	-6.0	
-12.6	-86.6	-9.0	
-58.8	-75.2	-25.1	
-81.1	-56.6	-31.6	
55.2	-67.9	19.4	
28.0	-81.1	20.9	
-25.0	-84.6	15.6	
-48.7	-80.0	7.7	
-84.4	-55.2	-8.3	
15.7	-76.5	43.0	
-8.8	-80.2	40.7	
-61.1	-71.0	32.0	
-78.3	-59.2	23.4	
27.6	-63.5	60.0	
-27.7	-68.1	61.2	
-50.7	-67.2	55.0
-72.6	-58.1	44.9	
63.3	-52.1	47.0	
47.8	-50.5	64.2	
1.6	-48.6	79.8	
-24.7	-48.6	81.5	
-66.6	-47.3	69.1	
-81.4	-45.5	52.5
-90.0	-43.7	29.3	
-93.6	-44.8	7.9	
-98.3	-39.9	-19.3
90.1	-25.9	14.7	
82.5	-27.6	43.2	
42.9	-28.9	81.1	
18.4	-27.2	89.6	
-37.4	-25.4	92.9	
-63.8	-26.1	84.4	
-93.0	-24.2	46.6	
-100.4	-23.1	21.6	
-107.2	-23.1	-29.5	
-101.1	-23.1	-57.2	
81.0	1.6	56.1	
61.7	1.6	77.7	
5.9	1.6	98.4	
-24.3	1.6	99.2	
-75.0	1.6	79.7	
-93.3	1.6	57.9	
-109.0	1.6	9.8	
-113.7	1.6	-14.7	
-104.7	1.6	-61.5	
90.1	29.1	14.7	
82.5	30.8	43.2	
42.9	32.0	81.1	
18.4	30.3	89.6	
-37.4	28.6	92.9	
-63.8	29.3	84.4	
-93.0	27.3	46.6	
-100.4	26.2	21.6	
-107.2	26.2	-29.5	
-101.1	26.2	-57.2	
63.3	55.2	47.0	
47.8	53.7	64.2	
1.6	51.8	79.8	
-24.7	51.8	81.5	
-66.6	50.4	69.1	
-81.4	48.6	52.5	
-93.6	48.0	7.9	
-98.3	43.0	-19.3	
27.6	66.7	60.0	
-27.7	71.3	61.2	
-50.7	70.3	55.0	
15.7	79.7	43.0	
-8.8	83.4	40.7	
-61.1	74.1	32.0	
-78.3	62.4	23.4	
55.2	71.1	19.4	
28.0	84.2	20.9	
-25.0	87.8	15.6	
-48.7	83.2	7.7	
-84.4	58.4	-8.3	
69.5	61.9	-4.1	
18.1	84.6	-6.0	
-12.6	89.8	-9.0	
-58.8	78.3	-25.1	
-81.1	59.7	-31.6	
-78.4	54.4	-58.3	
Labels
LE1	LE3	LD2	LD5	LC3	LC6	LB1	LB4	LA2	LA5	LL1	LL7	LL10	LL13
L3	L6	L9	Z1	Z4	Z7	Z10	Z13	R3	R6	R9	R12	RR1	RR4
RR7	RR10	RR13	RA2	RA5	RB1	RB4	RC3	RC6	RD2	RD5	RE1	RE3	Rm
RE4	RD1	RD3	RD4	RD6	RD7	RC1	RC2	RC4	RC5	RC7	RB2	RB3	RB5
RB6	RA1	RA3	RA4	RA5	RR2	RR3	RR5	RR6	RR8	RR9	RR10	RR11	RR12
RR13	R1	R2	R4	R5	R7	R8	R10	R11	R13	R14	Z2	Z3	Z5
Z6	Z8	Z9	Z11	Z12	Z14	L1	L2	L4	L5	L7	L8	L10	L11
L13	L14	LL2	LL3	LL5	LL6	LL8	LL9	LL11	LL12	LA1	LA3	LA4	LB2
LB3	LB5	LB6	LC1	LC2	LC4	LC5	LC7	LD1	LD3	LD4	LD6	LD7	LE4
